-7.307  6.171
-3.605  -9.575
-5.452  4.763
7.359  -1.031
-5.628  5.322
-5.371  6.842
1.331  3.248
3.495  1.633
-9.637  1.871
9.098  -3.516
6.376  -5.453
-7.064  -2.994
-6.549  -2.891
-1.29  -7.985
-8.5  -2.169
7.984  -7.511
-5.454  7.291
3.563  -9.949
6.595  -6.56
5.509  -4.147
6.492  -0.294
3.469  -8.855
2.298  -7.335
3.449  0.192
-3.603  -3.834
-1.267  3.715
-3.184  -8.208
-7.989  2.23
-7.645  5.997
1.354  -0.634
0.037  6.231
-1.899  -5.538
-8.738  4.455
-8.473  -2.777
-7.368  0.542
6.542  1.84
-8.548  -4.414
-6.026  8.885
-0.991  -1.581
9.77  -5.494
3.339  -5.694
-0.969  -2.65
-8.734  4.886
2.609  9.046
-6.292  0.529
-8.779  -5.692
5.395  -3.162
-5.766  -4.346
3.554  -9.835
5.471  -2.088
5.176  8.267
8.226  -6.301
8.034  0.507
1.72  -3.143
-1.04  -5.371
6.807  4.595
8.61  -2.545
8.248  8.716
-2.177  6.241
6.775  -9.807
-1.94  7.114
-9.633  1.033
-1.678  -8.387
1.462  4.398
-6.205  2.273
5.072  8.73
-1.692  4.011
-0.25  -8.779
2.464  -9.85
6.151  -6.742
-6.898  3.113
9.944  8.48
-2.19  -2.512
0.872  7.813
1.545  9.362
-1.879  -5.322
-4.654  3.126
2.541  2.111
4.285  5.44
-3.677  -1.291
-7.248  -7.489
-4.013  -9.602
-2.445  -6.025
4.079  -4.111
-7.998  4.219
-1.922  0.428
4.261  -0.102
3.926  8.308
-9.437  2.411
-8.543  2.803
1.785  1.717
-4.533  9.284
-7.766  2.058
-6.587  5.513
2.559  -3.912
-4.689  6.919
-6.307  -9.552
-2.191  7.157
5  7.242
8.555  -0.345
8.691  4.051
-0.821  5.525
-3.621  -8.653
-7.787  -6.395
-8.993  -0.234
7.582  7.129
0.884  9.383
1.939  8.512
9.082  5.8
-2.715  -2.184
-7.982  -6.53
5.977  -3.751
-5.533  -7.265
-9.023  0.651
5.849  -2.94
4.169  9.444
1.727  6.11
-1.621  2.744
4.733  -9.765
5.572  -1.876
-6.425  4.99
0.502  -0.314
-6.607  4.964
-9.819  5.438
8.749  3.653
-6.943  -7.178
9.504  4.611
-0.022  1.06
8.838  0.367
5.613  5.566
3.418  -5.122
-3.717  2.042
-2.963  -6.944
-3.299  1.324
-1.849  1.088
-6.673  -7.054
-6.428  2.107
-2.685  4.502
-0.353  8.996
2.441  6.324
7.366  -1.423
-6.068  -2.084
6.967  -3.193
3.254  1.408
2.631  -7.546
-1.552  6.482
9.18  9.574
0.331  4.307
5.71  4.234
-6.788  -5.298
7.695  4.089
6.347  -8.916
-2.297  2.933
6.709  -6.566
7.124  -2.669
-5.459  3.016
2.512  4.732
9.613  -9.273
-2.019  8.872
3.381  -6.727
5.541  -9.548
1.437  2.199
-0.696  0.007
7.032  -3.433
-2.879  7.62
-1.206  9.436
-0.845  -8.371
0.466  -9.639
2.009  8.471
6.093  -4.632
-9.463  -3.329
-1.916  2.583
-3.719  5.169
1.819  2.215
-3.676  6.183
-4.129  9.765
-3.061  -7.479
3.619  -5.635
2.674  2.423
-7.364  -4.54
4.371  -1.774
1.358  1.851
9.759  -6.343
6.137  7.487
6.317  9.64
-1.552  9.351
8.494  -9.852
-4.704  7.729
8.892  5.978
9.159  4.852
-4.084  1.166
9.262  0.478
8.027  -2.947
-5.917  -2.616
5.211  -2.004
-1.47  6.603
-4.247  6.171
-9.909  2.574
0.496  9.814
7.443  -6.325
-5.567  1.48
-2.142  4.534
2.458  -8.704
-8.844  7.964
-6.189  -3.514
-6.629  1.201
-0.909  8.469
-7.941  -2.433
2.567  9.285
8.855  -5.257
7.573  -1.286
-1.711  -4.002
9.717  9.222
-6.004  -3.298
-7.361  -0.4
1.628  -0.831
-8.692  4.468
9.12  6.89
0.623  -0.254
-0.031  -5.383
-1.133  -0.526
8.229  0.478
-7.584  -7.72
1.667  -5.661
-4.096  3.438
5.298  7.205
-9.998  -8.519
9.599  -0.397
-0.638  5.271
-8.222  -0.929
5.103  -0.133
0.983  4.451
7.716  3.293
-4.661  -5.061
8.389  7.718
-4.644  6.759
9.601  9.299
-8.321  -6.447
-8.054  -8.694
3.104  1.476
7.455  -1.298
-5.358  -8.685
1.176  3.145
9.909  4.143
-5.083  2.2
-4.396  1.989
-4.307  4.318
-9.082  -3.56
5.682  -3.556
-7.873  -5.489
6.73  8.386
5.457  6.898
2.948  -0.191
5.379  -4.796
-7.79  4.523
-4.929  6.414
-4.719  9.777
0.811  1.989
-2.432  5.213
-8.222  -6.921
4.039  3.787
-2.53  6.706
2.17  5.329
-3.474  -9.361
0.843  -5.428
5.375  -2.191
-1.733  5.958
-4.56  -6.112
-5.734  0.335
-0.673  -2.582
2.35  -1.996
0.209  -3.711
-4.398  2.005
-2.669  8.906
6.446  -1.669
9.108  -3.383
-8.007  5.099
-1.377  1.038
8.289  -4.36
7.135  1.712
5.353  7.676
-8.994  -3.261
8.298  -4.467
-3.795  -8.624
-6.268  3.623
3.106  -7.865
6.078  6.809
4.218  1.442
7.271  3.663
-6.381  0.098
-8.989  -8.772
4.515  6.965
5.59  0.57
-4.657  -4.292
1.83  4.258
-6.369  -8.282
3.179  -4.975
-1.418  -6.852
9.452  8.181
-1.561  -9.995
-5.507  4.104
6.158  -2.363
2.254  -1.356
-9.715  -9.186
5.127  3.741
-5.082  6.108
1.729  0.121
-1.975  -6.319
-6.875  7.027
3.97  7.446
6.526  3.361
-7.88  -8.183
-5.285  -3.581
3.137  4.463
4.144  2.84
-4.136  -2.945
-4.59  -0.014
-3.415  4.706
-0.525  0.406
-4.658  6.181
1.71  2.013
7.924  -9.617
7.824  -5.014
-4.111  -8.24
-5.427  -4.927
7.849  5.2
1.022  -1.203
-2.484  0.956
-2.566  6.1
8.102  0.766
-6.107  9.57
-4.362  -5.877
2.995  8.479
0.359  -7.918
7.399  -7.35
-0.097  2.464
2.663  -0.267
-1.203  9.283
6.544  4.712
-3.079  -5.375
-1.384  2.991
-8.226  -6.768
2.09  -9.431
-3.954  7.353
-0.571  -6.767
-3.166  5.781
3.233  -8.304
-9.244  -5.192
7.497  -6.419
1.784  7.249
6.734  -2.245
3.74  1.529
-5.869  3.646
-9.023  -3.297
-1.761  8.402
-3.032  4.726
-9.938  -2.734
-6.858  -6.638
5.215  0.474
-4.483  -5.801
3.893  -1.053
-6.343  3.276
-1.622  9.356
7.816  -9.755
-3.057  6.722
9.753  3.541
-0.491  5.933
-0.667  -0.477
6.772  5.812
4.447  3.041
8.536  0.933
0.717  0.321
5.409  -7.674
5.494  0.071
5.125  -3.951
2.294  -1.07
6.718  8.405
-4.473  8.931
-0.645  1.865
-3.154  -3.214
0.209  5.998
8.087  0.165
0.895  -5.244
-2.302  5.101
9.469  8.918
-9.872  5.875
-5.158  4.764
-6.788  7.554
0.347  1.846
5.818  0.64
-3.319  -6.442
-4.274  -0.232
-5.141  -3.064
9.187  3.409
7.959  1.517
9.247  2.267
5.032  -4.986
-0.687  2.498
-9.989  0.063
-3.713  1.7
-6.987  5.422
9.687  2.811
7.761  3.452
7.028  -9.661
6.941  7.949
-4.06  7.497
8.192  -3.825
-4.015  -1.272
5.004  8.326
1.486  1.84
3.587  -3.979
-5.577  8.792
-2.247  8.124
7.782  0.922
-8.598  -0.981
-3.696  8.972
-8.354  -7.473
0.476  1.301
-1.853  -6.407
-4.829  -8.124
-9.833  -7.744
-0.72  8.494
-7.077  -8.273
-5.51  2.555
-9.283  -1.279
8.851  -9.114
-3.322  9.445
7.214  2.926
-9.994  2.049
-4.731  4.341
-9.281  9.191
5.76  7.283
0.811  -2.857
-2.631  -2.968
-9.072  1.358
0.196  7.018
8.02  -6.616
1.463  2.711
-9.934  -2.105
-9.227  -1.548
-4.09  6.542
8.155  8.502
-6.26  4.268
-2.242  2.458
-0.707  1.881
3.886  2.752
-5.061  -6.289
6.712  9.572
-1.985  -0.902
1.56  -1.396
-6.919  3.995
-1.566  -9.374
1.412  -3.02
0.116  -3.956
6.968  -5.72
5.436  8.401
8.287  0.764
0.286  7.79
-0.037  -6.456
-2.715  -1.865
3.501  5.589
-4.301  -9.074
-2.606  9.507
-0.132  8.078
2.574  2.829
-0.255  1.596
0.181  5.349
4.26  -6.825
0.275  -4.575
8.47  -8.662
-7.218  -8.297
7.971  4.848
8.04  -7.775
2.496  0.263
7.89  -5.804
4.28  -3.083
9.422  -3.407
-2.398  -6.782
5.903  -6.077
-2.82  -2.478
6.197  -8.038
5.756  1.751
-9.496  -5.92
-5.444  8.738
9.396  6.923
3.278  -6.478
-5.432  3.394
-7.448  8.943
4.676  -8.331
3.022  1.706
-3.191  -6.947
-5.985  9.971
0.821  9.641
1.001  7.182
-3.567  -1.036
-8.877  -0.492
2.705  -1.288
3.829  8.292
-6.625  -9.156
0.694  -7.759
9.573  -5.961
-3.611  7.938
-8.065  -8.023
-5.169  -6.594
-1.593  -3.157
-4.993  -0.807
-5.288  3.903
5.954  -2.24
6.559  7.365
1.976  -2.98
-6.982  4.643
0.191  -9.805
-6.419  -0.719
0.151  8.639
4.763  4.996
-3.557  5.733
6.621  1.643
3.063  9.86
3.556  7.212
9.593  -9.285
-9.275  -4.197
-3.406  -9.097
-7.267  2.621
-3.134  3.174
-9.196  0.83
-4.947  -9.557
1.713  -4.813
2.287  -5.728
8.753  -3.856
1.553  0.03
-4.24  4.077
-9.985  6.272
4.786  5.583
-7.181  -6.508
7.278  3.448
-8.118  8.029
1.237  -0.224
-9.34  9.995
4.401  2.774
-3.972  6.102
9.383  -7.472
6.86  8.784
-8.376  -2.325
1.693  3.052
-2.473  -5.802
-5.807  -7.577
-0.672  -5.006
-4.155  -7.309
1.799  -6.971
-0.32  -0.339
8.021  -0.669
-4.747  4.73
3.719  1.745
9.025  -3.374
-3.829  -1.446
-3.76  -9.166
3.493  -4.307
8.857  -3.962
-7.644  -8.634
7.595  -0.53
4.09  -4.03
8.613  -0.558
-1.728  -6.585
-7.614  5.596
-6.951  9.96
0.311  2.529
3.654  -7.608
-2.726  -3.434
7.251  6.658
-2.96  9.239
-7.051  -7.169
8.403  -3.678
9.436  -7.692
-6.847  0.386
9.758  -2.089
-7.918  3.139
3.07  3.069
0.647  2.192
-9.811  -3.728
7.612  -2.091
-7.448  -4.525
-3.345  -7.948
-3.794  -8.535
-7.35  3.432
8.461  3.66
-3.596  8.088
5.358  -5.521
-8.738  -2.887
-7.588  -6.605
-6.337  7.582
8.943  -3.69
-6.121  -1.311
1.916  1.905
6.705  -7.171
1.758  7.166
-2.506  3.893
8.552  -2.002
7.328  6.261
5.84  6.224
-0.785  0.741
8.928  -8.402
-0.002  8.47
-9.602  4.411
-3.977  -6.518
8.566  -9.719
-5.235  -7.75
-4.821  4.065
2.031  8.255
-3.276  -6.543
-0.519  -1.197
0.607  -4.147
-7.118  -7.55
5.441  -7.145
3.778  -0.156
7.493  -9.841
6.403  -0.453
-1.385  -1.165
-7.248  6.656
2.567  0.999
7.985  2.69
5.451  6.757
7.923  -5.094
9.468  -4.484
-5.396  6.352
9.458  -6.615
-6.976  9.398
8.282  -4.741
-3.919  -7.915
7.75  -0.853
-8.247  -4.342
6.503  -1.677
-3.727  -9.699
2.58  -0.092
-0.651  8.298
7.976  -9.951
7.134  6.96
-9.237  5.259
5.479  2.327
-0.545  -9.872
-6.798  -9.385
4.666  -4.981
-9.039  7.165
9.284  -1.364
1.872  5.431
1.909  -2.669
-8.683  4.167
-1.991  -5.332
5.701  -4.378
7.082  5.174
-3.07  -7.976
5.809  -2.071
7.889  -4.481
7.333  3.363
3.809  -0.122
-2.27  -6.979
-5.34  -5.484
5.291  -1.622
-4.907  5.73
-9.98  -0.2
-3.617  7.528
7.75  -5
8.535  -5.606
-0.773  0.613
2.112  -8.559
-3.483  -1.667
2.515  6.287
1.671  8.651
-9.752  9.069
-9.64  0.612
1.448  -9.912
-6.106  -3.05
-1.429  -6.515
6.609  0.052
6.831  3.17
-0.497  -9.869
-4.319  2.624
-0.638  -4.304
-9.213  -9.108
-9.618  -4.912
-1.789  0.337
6.191  -0.677
-4.337  6.293
-0.98  -1.993
-4.386  -4.118
9.617  3.517
-3.947  -8.583
6.304  6.95
-8.369  -3.493
7.902  -9.688
-4.988  -2.393
-4.929  4.328
3.696  1.954
1.38  -6.906
-5.725  7.038
8.402  5.454
-6.873  1.314
-3.056  7.006
6.785  6.386
-3.432  5.561
-0.431  -5.494
2.528  2.908
-2.532  -8.778
4.912  8.009
8.126  -4.176
9.635  0.43
7.282  1.923
8.1  -6.625
-8.7  6.484
6.536  -2.469
-6.003  -2.738
8.354  -0.378
-1.095  -9.144
1.487  -1.038
-6.75  -4.977
-2.351  -4.645
3.572  -1.215
8.293  4.534
-6.6  -1.855
8.181  -5.585
2.53  -2.634
-1.824  9.545
-6.932  6.907
8.794  -3.664
4.508  8.081
4.466  9.582
6.85  1.176
4.021  -9.573
-8.683  2.706
-4.983  6.491
-9.295  9.106
-8.327  -9.563
6.04  2.926
-8.818  -0.776
2.725  2.34
5.031  -8.312
4.634  -5.471
-8.616  -3.572
8.453  5.352
-9.124  -3.211
-0.285  -0.45
7.918  7.51
2.247  2.667
-2.897  -8.699
-1.272  1.638
6.984  -0.919
-8.376  9.817
-6.816  -7.249
7.807  3.747
3.295  6.561
-5.268  -2.434
5.979  2.232
4.714  -9.774
0.642  -4.074
-8.156  5.124
-8.246  3.444
0.128  9.823
-7.781  -0.092
7.073  9.837
4.619  -6.305
9.095  6.268
0.773  -5.604
7.837  4.852
7.468  -9.871
1.293  -5.002
-1.065  -1.458
-2.272  6.251
9.529  6.763
-0.045  -7.25
-0.23  -3.832
6.977  9.489
2.581  3.819
9.74  5.84
-7.218  1.555
-9.857  5.837
2.862  2.596
-6.118  8.372
-2.218  3.446
8.438  7.442
-4.253  8.455
5.389  -6.229
-2.527  7.975
-7.72  3.5
-6.522  3.74
-4.253  3.089
-4.324  1.307
8.809  7.464
0.165  3.504
9.663  2.203
-5.311  6.796
8.667  8.821
-4.495  -6.813
4.318  -9.225
3.635  -0.056
-7.132  2.54
2.86  9.885
-6.346  -3.653
-2.669  -0.531
-4.696  6.638
-5.135  -1.823
9.933  -0.393
8.354  -1.806
5.344  7.718
2.952  7.919
9.836  -5.727
-8.106  0.436
-6.707  4.042
5.598  6.493
-2.65  -6.951
-8.57  0.102
-2.077  0.5
-9.163  -1.248
7.047  2.175
-3.92  0.727
1.896  -9.028
-4.204  1.541
-3.811  -8.584
1.289  1.05
-5.582  0.95
3.362  7.641
2.103  -9.11
5.862  0.483
-9.057  -7.886
-7.576  9.192
1.985  6.984
1.322  3.488
-2.831  -3.236
5.308  -8.665
1.688  -0.253
-5.688  -5.478
9.912  8.836
-3.515  3.264
2.401  -2.291
4.69  -5.491
2.74  -1.786
3.073  8.034
1.789  -0.448
-3.497  -5.49
-8.98  -4.88
7.477  3.332
3.526  6.845
8.995  5.715
-7.357  0.772
-6.812  8.112
-2.708  -4.243
9.862  2.237
-6.157  -1.975
-1.6  0.903
5.49  -0.587
-1.448  -8.991
3.42  -0.638
9.579  -4.825
-7.784  9.367
7.025  4.957
-9.275  -8.671
-3.329  -1.395
3.852  4.201
-8.122  1.397
7.658  -6.72
-0.581  5.494
4.453  -8.846
3.64  -9.895
-9.375  7.797
-9.869  -8.414
-3.817  -2.965
8.909  5.647
8.806  -8.46
2.851  -0.352
1.068  -2.655
3.274  5.285
8.311  6.792
-8.684  0.72
-2.031  -9.056
-6.706  -4.92
2.252  -7.334
8.06  2.743
3.781  1.3
-0.993  -2.15
-3.609  -4.492
-2.918  -0.229
-6.152  1.575
-6.356  -1.955
-5.798  -2.369
-2.218  -8.049
9.143  0.941
-5.34  -3.706
-0.091  -7.57
-6.88  9.408
-1.611  6.563
7.116  6.138
-9.912  -9.082
-8.044  -0.519
8.663  3.186
-4.173  3.254
9.521  6.542
-0.633  1.997
8.41  1.029
7.629  -2.432
-1.59  -8.507
5.251  -8.761
-1.54  4.917
-6.047  5.54
7.747  -5.809
-2.901  -9.225
8.159  2.707
-0.245  1.66
-9.522  8.996
-2.647  6.448
3.178  2.658
-2.327  9.675
-6.124  -1.01
0.219  8.973
7.294  -0.44
-0.981  -0.769
-2.39  -8.995
3.247  -8.423
-0.278  5.152
1.227  2.948
-8.669  1.728
8.832  9.14
0.4  -6.186
5.315  -9.767
-6.988  4.679
4.785  2.919
-5.342  -6.622
-0.29  -8.504
-6.454  -0.707
5.481  -9.721
-4.913  5.865
-1.958  2.789
-5.768  -5.345
-5.033  -3.201
-9.467  -4.605
-9.16  -4.83
-8.019  -0.773
-1.87  -5.93
-7.926  9.941
-0.31  -3.146
-2.679  7.499
-5.019  9.029
-5.112  -7.401
6.85  -1.51
-9.747  -5.654
9.831  -3.644
-8.024  -9.875
9.629  1.843
1.289  0.13
8.781  2.091
-6.942  7.574
0.477  2.783
1.548  8.347
-9.796  -4.122
2.829  3.352
8.015  2.306
1.263  -2.117
0.824  -6.728
7.678  0.722
4.728  8.494
-7.874  5.238
8.574  5.687
-8.042  5.462
8.579  -3.35
-0.557  -8.622
-5.492  8.273
9.752  -9.003
-6.045  -4.902
-5.385  -3.927
4.086  -8.901
0.994  6.596
0.487  -1.239
3.296  -9.6
-4.615  -5
-0.328  0.849
-0.768  8.303
-5.397  -9.538
2.997  6.978
-3.513  8.397
4.115  3.083
-1.547  9.302
9.103  8.994
-1.691  5.109
5.266  -8.774
2.546  2.697
7.903  -1.127
6.911  0.958
-4.862  -4.319
1.079  -0.933
9.936  0.261
5.516  -5.613
-8.237  5.939
0.961  -6.506
8.37  3.715
-1.675  6.797
-9.693  8.046
8.458  -8.329
-0.585  2.8
9.07  -0.699
-6.895  -4.383
-8.1  -8.564
-5.785  -2.838
-1.775  9.387
-8.479  -1.048
-7.606  2.998
-6.444  -3.026
9.682  0.568
2.455  -1.004
-3.213  3.614
6.931  9.83
7.429  9.31
7.052  -3.828
-4.531  -6.075
1.965  7.005
-0.133  0.952
4.961  7.568
-5.543  9.702
6.578  -9.304
-0.45  -2.423
6.815  -0.064
-9.833  6.445
-7.594  1.404
-0.626  3.604
-8.82  7.922
0.872  -2.538
-4.253  4.109
0.853  5.17
5.92  -5.188
-0.216  0.267
-3.565  -4.909
-2.665  -9.55
0.632  7.41
-1.58  3.263
-8.103  7.747
-3.101  8.793
-8.207  -1.314
6.718  0.593
2.792  -3.672
-0.1  3.893
9.914  9.122
7.707  3.596
-6.576  6.277
-8.437  7.875
2.674  7.499
-5.519  -8.601
8.406  5.365
1.148  -0.712
6.914  9.077
0.031  -0.577
5.918  -9.018
-6.793  -7.732
3.046  -5.715
-8.615  5.852
3.023  -5.293
0.274  8.448
-3.38  -2.098
-1.117  0.499
-1.704  -2.236
-8.111  4.375
-3.328  8.498
-8.1  3.37
-8.781  -0.324
7.749  5.792
-9.858  -9.843
2.434  8.133
0.149  -7.106
2.375  5.168
7.932  -9.906
6.845  -6.729
-7.28  -9.409
-1.055  -3.49
-3.17  6.924
9.927  5.608
9.686  -0.38
-1.567  -2.205
7.163  -1.72
8.737  7.274
-0.967  -1.206
-7.158  9.409
5.293  4.117
4.957  7.579
6.653  -6.924
4.706  -3.8
-6.02  6.727
4.454  -4.184
1.273  6.591
-2.379  7.784
8.346  -7.233
-5.392  4.035
8.658  -6.883
1.753  -7.934
0.092  9.152
-1.949  -9.763
3.357  -5.917
-5.079  -6.64
-3.058  7.783
2.255  -3.881
5.462  8.27
-1.368  9.864
-2.494  -9.211
-5.452  -4.604
-4.575  -9.588
1.594  -5.492
6.688  6.947
-0.682  1.427
-3.06  -6.875
4.831  -5.98
0.454  3.327
-0.458  -3.865
-0.263  -3.325
-6.023  -3.429
5.677  -3.914
-6.683  -5.163
5.891  -5.44
0.098  -5.46
3.342  -0.078
-1.443  3.677
-7.989  7.497
-2.427  -6.001
-8.072  -2.207
8.235  0.95
9.1  -5.102
-6.646  2.255
-2.77  -4.518
1.627  -2.329
-5.427  -1.708
6.095  -5.634
-2.269  -0.187
7.989  0.031
-7.099  -4.907
2.826  -1.236
0.828  -7.279
4.904  3.457
6.763  0.772
9.018  1.541
-5.086  -5.119
4.728  -0.425
-4.748  -6.857
-6.458  -7.606
-0.94  5.819
4.712  -2.057
7.601  -0.043
-8.448  -3.59
1.511  -2.463
-3.632  -2.029
5.873  4.555
-2.621  -0.468
-9.393  3.045
9.286  2.184
8.176  4.401
8.833  6.948
5.748  -7.508
5.807  9.477
-2.058  -5.812
-5.49  -9.037
-7.251  7.644
-3.879  -8.316
5.279  -7.834
-8.919  -5.545
-7.516  6.852
-5.48  -4.7
-9.364  -9.946
-1.059  5.862
0.905  -8.979
-5.124  2.204
-0.553  -7.954
0.943  -5.069
5.083  -2.033
4.415  6.215
2.735  4.263
-1.097  5.16
0.965  9.153
-5.805  5.109
-8.635  9.153
-7.411  -4.478
-3.222  3.479
-0.969  7.438
-3.719  -8.63
-8.038  0.185
5.019  -5.383
-3.008  5.949
9.377  -3.175
8.822  -9.38
7.569  7.611
-6.461  4.926
-4.277  -2.094
0.433  9.57
9.247  5.752
5.341  -4.384
0.559  -9.478
3.116  8.297
-2.362  2.558
1.347  -1.256
7.629  -9.372
0.024  -7.923
-0.673  6.676
-0.684  -0.762
5.764  3.878
-0.722  6.273
-1.735  -3.995
6.855  -3.865
-2.298  1.628
7.604  4.404
4.875  -9.135
5.01  -5.316
0.552  0.143
-0.22  -5.203
-7.146  -1.523
9.309  9.914
7.734  8.98
0.727  4.341
8.5  -0.555
4.684  5.946
-1.535  -9.322
-9.664  1.107
-3.067  7.29
-6.489  -1.872
-3.097  4.569
3.742  -9.759
-3.215  -4.682
-6.445  4.652
1.294  -4.991
5.316  -5.323
0.737  -5.335
-8.786  -9.196
9.018  0.58
-8.821  -2.895
-0.361  2.89
5.319  -3.522
-5.734  6.969
-1.283  -1.993
8.574  -5.746
-9.167  2.38
-2.075  -2.064
-4.663  -5.34
5.506  -5.709
9.527  -9.637
7.754  -4.096
-7.81  5.013
0.989  -2.341
3.217  -2.556
-6.629  -9.752
-1.472  -3.357
-5.58  -8.363
2.885  -0.93
-7.935  -3.629
4.806  8.47
-7.732  1.052
-7.921  -3.902
8.151  -9.03
0.406  -9.266
1.3  4.951
-0.469  -2.887
4.807  -4.657
-0.983  7.615
7.149  4.774
-2.702  8.907
-8.913  -1.67
8.683  -8.037
0.131  -1.912
8.707  -7.843
-3.024  -0.619
3.478  4.146
-9.78  9.868
3.555  5.282
8.103  -2.296
-5.011  -6.189
-2.489  -1.699
-3.282  2.737
-8.813  -8.398
-7.063  -9.223
-4.393  -9.507
-7.335  7.034
8.119  -6.371
-7.511  -3.05
5.082  8.784
-8.658  -4.826
-8.466  6.096
-4.238  3.31
-5.513  3.81
-2.155  9.475
0.754  2.236
-0.173  -6.055
-4.689  8.317
8.788  2.354
-1.48  -6.818
-2.309  -2.868
4.731  2.343
-2.83  -8.002
-2.621  7.12
1.135  -7.517
8.92  0.392
3.183  -6.06
2.722  -7.705
3.475  -2.277
-0.591  9.194
0.034  0.785
-3.73  3.711
-7.471  8.533
-2.454  -5.105
-0.746  -7.997
8.835  -1.471
-7.497  1.31
-6.89  -1.189
-7.86  -1.555
6.269  5.611
0.891  8.699
-1.769  -2.668
-3.125  -2.56
4.961  5.167
-5.226  -8.37
-9.326  6.28
-7.469  5.806
6.369  -5.56
-7.3  0.462
4.232  -3.635
3.116  0.851
-3.208  3.87
5.424  -9.043
4.444  9.161
-8.371  9.338
5.99  -7.494
-8.937  -2.703
-1.692  -2.755
6.702  5.051
9.525  6.888
3.307  -4.533
-0.334  8.054
4.901  -9.284
-3.838  -0.672
4.91  1.872
-4.008  3.079
-3.017  2.748
-4.459  -0.244
-5.021  1.327
5.542  5.86
-5.401  6.751
2.878  4.444
7.654  -5.523
5.26  -8.411
7.438  2.991
-1.628  4.02
-4.695  0.4
-9.45  7.014
7.74  8.56
7.948  -8.433
6.726  -2.504
-0.837  -6.481
8.72  -7.64
-9.658  2.036
-8.8  4.564
0.017  0.795
7.924  4.748
-6.887  9.613
-5.43  -4.468
9.197  4.03
-4.568  1.62
2.73  9.624
2.758  -3.512
-0.326  9.087
2.208  -9.1
8.856  -8.77
3.129  -7.661
-8.338  -3.393
-0.623  3.801
-4.506  0.049
1.469  8.341
-2.16  -5.574
2.197  -7.621
-5.521  0.356
9.68  1.416
-4.433  0.986
8.109  2.795
9.363  -4.794
1.147  0.078
8.486  -8.449
-7.308  -5.482
-6.474  3.732
5.609  -2.093
-9.25  1.756
-9.347  -1.791
-8.651  -6.001
1.865  -4.419
4.706  5.127
1.051  -0.726
-0.676  2.674
-3.127  -5.024
-0.029  3.06
-4.325  -0.604
1.513  -0.78
-6.906  -1.803
6.227  5.147
8.258  -8.013
-8.303  7.715
-0.574  5.545
4.354  -2.427
8.786  -2.61
-6.743  -1.323
-7.248  5.346
-1.697  5.589
-9.695  -0.726
-3.48  3.787
-3.247  8.59
7.962  -1.675
-4.489  5.058
-3.541  -9.55
1.725  7.025
-0.796  -7.609
0.277  -7.283
-2.795  -3.474
-9.486  7.65
8.143  0.222
-7.81  1.82
-5.814  9.452
-2.569  0.755
3.862  -0.627
-0.7  -1.308
-5.351  -5.642
-6.431  3.66
-3.574  8.513
-4.68  -4.556
2.093  -9.559
7.681  2.343
-7.189  -9.363
0.711  7.773
9.39  -4.147
-9.597  -9.004
3.874  -5.661
1.517  -7.786
-7.379  2.026
8.742  -6.25
-6.31  6.656
5.213  -1.365
5.909  4.646
-7.912  -6.213
5.29  -6.03
-0.86  -5.033
-7.754  -9.759
-7.192  -1.106
-2.028  1.042
-9.742  -1.549
-8.678  3.343
9.99  -4.363
-3.894  7.802
-2.024  6.325
-4.004  4.798
-7.326  5.21
-0.928  -1.193
9.795  1.809
1.524  -8.718
6.373  -3.993
-4.362  -3.111
-7.38  -7.145
0.908  4.228
-8.859  -7.766
-9.339  8.185
-4.352  7.476
2.45  9.452
3.595  0.801
2.602  2.771
7.505  9.86
-5.077  0.847
-5.949  -0.747
-0.759  -9.588
4.907  -8.854
-6.684  4.403
3.909  0.264
1.035  0.991
-5.023  -9.856
-4.159  2.165
6.465  8.538
-2.121  3.048
-3.772  3.668
0.34  -0.159
1.809  -9.492
-6.143  -8.629
4.059  5.194
8.797  -9.164
7.525  2.663
7.107  8.225
-6.205  4.354
-5.666  6.201
-8.153  9.366
-2.059  -1.456
5.235  5.876
6.536  6.088
8.702  -9.841
-0.199  -0.348
-8.158  -9.657
-4.335  4.749
-9.49  -4.149
-8.934  -9.137
-2.659  2.341
-9.752  2.017
-7.696  9.156
0.858  -3.133
4.451  3.27
2.599  -9.578
-5.784  -3.972
0.204  -3.562
9.002  6.385
6.688  0.927
-0.625  -2.054
3.516  -4.825
-1.343  1.86
-0.588  -9.861
8.018  7.22
3.702  1.274
0.177  -0.481
-9.308  -3.714
-3.119  -9.029
-2.42  5.473
-4.347  -9.284
-1.818  -0.223
-5.805  -0.425
-7.546  0.15
-2.53  0.404
8.171  -3.988
5.71  -0.821
-1.936  -1.094
-4.931  3.491
-9.377  -3.785
7.479  -6.215
2.801  -6.561
8.791  -9.882
5.426  9.297
3.901  -7.526
-8.067  -3.719
4.825  -5.292
-7.987  -3.044
-3.984  -5.433
-8.607  6.364
-3.567  -2.307
6.252  5.669
5.565  -2.546
4.616  -1.628
2.911  4.175
8.04  9.799
-7.392  3.645
-2.28  7.159
4.224  -0.431
-2.234  -9.054
4.249  1.323
-7.106  -5.34
9.246  5.624
9.174  -7.126
2.733  1.102
-3.291  -1.946
-4.233  0.041
3.226  7.543
8.635  7.234
-3.093  0.438
-1.569  4.777
0.869  2.442
3.734  1.949
-4.176  2.677
-3.201  -2.687
-4.579  2.043
5.531  -2.388
-4.397  -6.414
5.734  -3.551
5.226  -5.235
-8.214  9.992
-7.058  5.05
-4.576  4.541
6.84  -6.316
-5.478  7.489
-9.214  4.506
4.81  -2.015
-5.587  -3.468
7.454  -2.907
9.994  -6.562
-1.456  4.963
-5.099  5.435
-8.623  -0.422
-1.361  6.601
-3.531  1.327
-3.695  8.562
1.891  -2.18
2.884  -2.709
-9.304  -7.905
3.755  -7.609
-1.828  -4.853
2.448  -3.655
-4.264  -1.256
-2.861  -5.209
2.733  7.118
-0.032  -3.974
1.27  -5.785
4.647  7.639
-2.994  -1.204
3.641  1.635
9.48  8.711
-3.783  -6.648
-9.156  8.464
-1.494  -6.583
-3.289  8.748
-0.404  -5.2
6.983  -0.098
-6.376  7.001
-4.88  -3.688
-9.749  -8.918
2.965  2.31
3.565  1.483
-3.604  -6.372
8.569  -6.542
-1.799  7.538
-4.748  3.006
1.746  0.383
-6.347  3.782
6.546  3.114
3.563  4.358
-2.245  5.669
-0.996  3.272
-9.376  -8.201
-0.977  -2.451
7.028  3.472
-3.74  -5.369
8.164  -7.182
-2.338  7.067
-1.691  4.586
3.404  -3.426
-4.231  -8.396
8.684  4.9
-3.147  4.242
-9.841  -1.221
-8.806  -5.815
-7.369  7.7
3.152  8.815
-6.25  -5.051
9.268  2.051
-8.327  2.719
-5.228  -8.991
-7.74  1.73
9.546  1.817
-4.431  -2.344
7.54  8.003
5.519  3.64
-8.36  6.839
0.296  7.414
1.964  0.236
0.259  -8.17
8.395  5.266
-9.41  1.375
-7.637  0.352
-7.061  9.079
3.077  4.749
2.416  -1.704
-8.035  8.419
1.032  2.39
-3.775  1.094
-5.044  -8.605
7.507  6.53
-5.73  -8.673
-8.616  -1.409
3.245  6.767
5.383  -3.181
-3.148  -6.192
-3.729  7.06
-1.374  -8.715
9.103  -2.902
8.517  0.829
-7.56  -5.82
-3.269  9.886
-1.261  -4.274
4.049  7.5
-8.703  -2.61
-9.205  -2.199
-8.391  -5.564
-6.4  -4.726
5.796  7.176
-8.4  -9.627
-2.645  4.361
-4.248  -6.484
-4.317  -2.631
-4.708  6.791
8.608  6.776
4.01  9.872
-4.217  3.116
-7.575  -4.045
-4.953  -9.229
3.329  1.224
0.768  3.622
5.627  6.894
-2.901  9.313
-5.264  8.754
2.738  2.241
-1.594  8.354
7.73  4.907
0.125  -1.027
0.805  -7.981
-6.639  -2.359
6.257  -6.752
8.121  -2.954
6.942  3.123
6.108  -1.889
-7.503  5.576
-1.959  -7.844
4.953  9.032
5.586  -5.839
-9.077  9.506
7.335  0.088
-7.123  0.143
-2.863  7.067
6.422  -9.156
-6.677  -4.561
6.175  3.345
2.709  9.131
-7.228  9.55
1.288  2.415
1.906  5.328
9.416  -3.883
-1.327  -1.95
3.063  0.691
-5.532  8.669
2.134  -5.927
-6.577  2.372
9.139  4.27
9.373  -9.056
-6.132  1.808
-7.262  2.17
-0.06  -6.359
-0.948  -0.266
-9.059  -4.947
-1.732  -8.535
8.892  1.83
-3.38  6.573
1.249  -4.091
7.928  -5.348
0.039  -8.956
-2.148  -7.923
1.473  5.06
-7.606  4.502
-9.036  -1.383
-0.291  -7.59
2.377  -1.995
7.216  -0.14
1.959  -0.136
0.544  -3.54
4.632  -6.623
-8.622  9.021
-9.558  0.657
-6.422  4.788
-0.349  0.196
-7.808  7.475
3.13  1.851
7.77  1.678
-6.23  9.795
-8.152  -5.953
-1.361  -0.315
-5.617  -9.016
4.166  -2.186
-4.097  -3.489
4.542  2.98
-4.872  -2.383
8.118  3.747
-7.202  -3.628
3.781  -7.825
-8.369  7.611
9.805  8.75
0.799  6.724
-8.842  8.673
5.113  9.65
-9.325  -3.882
8.703  6.97
8.153  2.28
-2.917  -0.034
-4.141  7.597
8.346  6.094
-8.299  6.114
6.341  -8.454
-1.723  2.634
-5.107  -8.146
-8.415  -6.534
-8.011  -4.237
-8.081  1.279
-2.294  -5.104
-9.282  6.342
-5.558  -8.602
7.111  8.095
9.686  4.639
-1.48  -6.001
9.575  3.365
2.149  0.72
3.602  -7.061
7.586  -1.438
-7.596  8.644
-5.053  -6.226
7.131  -5.846
-3.37  1.664
4.634  -4.438
6.89  5.588
-4.238  -5.324
-4.812  -7.291
-2.515  5.414
6.776  -9.963
-9.804  7.836
0.238  -8.174
5.195  -9.804
-2.334  5.862
-4.625  -0.697
8.069  0
9.131  -9.423
6.304  5.735
-1.564  -1.034
0.377  4.352
7.752  -8.147
-6.507  9.263
4.321  -5.145
-2.696  0.991
5.38  -7.414
2.682  -9.856
6.565  8.843
5.924  0.397
-1.039  -6.536
0.362  -0.781
-8.664  -2.429
-8.569  1.424
-1.344  -7.913
-7.433  -3.227
3.545  -6.073
-8.338  -5.246
3.91  -4.668
-5.248  -0.539
2.545  9.577
2.066  -9.896
-2.401  5.011
8.851  8.121
-9.926  -8.542
4.556  3.208
0.823  -1.772
-5.624  -9.877
-6.162  2.124
-0.257  -5.652
4.086  -6.273
-8.523  -9.366
9.538  2.155
-1.273  3.875
2.687  -4.036
-3.043  -1.911
-9.837  -9.774
7.428  0.283
-9.76  2.901
-6.143  6.557
1.181  -1.599
-3.918  0.973
-4.603  -4.532
-3.301  3.091
6.777  -8.443
-2.795  3.801
-9.327  -3.44
-7.149  -0.375
-3.96  3.196
-2.611  0.141
-5.862  -4.709
8.736  0.584
9.256  2.643
7.573  4.359
3.279  -6.26
-9.593  -8.227
-4.432  6.101
-9.176  -4.26
9.999  1.73
4.737  -8.623
-1.716  0.798
-1.72  7.961
7.016  -1.773
-5.791  -2.036
-5.756  5.257
7.683  6.224
-6.468  0.686
-4.426  5.731
-2.568  9.983
-6.739  9.535
-6.726  -0.332
1.011  -7.593
-9.994  -1.664
-6.664  2.71
1.195  0.859
4.107  -0.149
-0.541  -0.954
-8.209  2.176
-2.773  -2.272
2.538  -9.636
7.484  -0.827
1.315  -6.386
0.29  4.19
-1.984  -4.005
2.813  -9.562
5.565  -7.509
-6.806  0.092
0.66  8.929
-4.623  5.19
5.352  2.098
7.506  3.934
1.198  9.147
-4.264  8.867
-2.364  -4.317
-0.823  -5.675
-6.787  -0.794
2.352  -5.594
-1.674  4.365
6.142  -2.506
2.03  -2.543
2.966  -6.912
8.367  -6.758
4.303  -2.24
4.55  -5.501
-4.865  6.731
-6.988  6.881
-9.939  6.534
1.691  5.232
0.967  6.092
-2.552  7.585
9.127  -7.427
2.447  7.924
3.966  -2.141
-0.662  -5.487
9.93  -0.142
-0.565  0.355
9.778  -5.02
8.826  3.375
-7.263  -8.91
-3.558  -1.276
5.455  6.745
-9.89  -2.724
8.761  4.854
-0.787  -9.115
-0.648  -8.993
-1.728  -1.489
-9.722  6.655
-5.825  -1.287
1.674  8.511
1.13  -7.093
-2.183  -0.318
7.61  -8.749
1.452  2.028
8.632  9.7
1.904  -8.326
0.791  5.72
-3.608  9.985
9.881  2.58
7.626  -1.413
-0.054  8.558
0.026  -2.752
2.11  7.392
5.497  -4.941
7.823  -4.263
5.25  -1.675
3.814  5.915
8.543  0.319
-5.428  -2.002
-1.124  1.106
1.882  -9.337
4.93  -1.005
4.374  4.404
3.12  7.888
1.756  -0.327
8.713  -2.756
2.776  4.646
-5.527  2.379
-6.614  8.529
-2.181  -2.752
-0.82  6.852
6.909  0.374
0.666  7.445
-8.575  -0.415
-2.928  -2.866
8.56  -8.816
-1.715  -7.585
-2.621  6.345
7.018  2.178
5.952  8.45
-2.995  3.424
5.528  -9.579
-9.031  1.366
1.806  6.591
-6.836  -6.103
8.753  -5.496
-5.83  0.823
-1.84  -7.723
1.214  3.565
-1.747  -7.527
-4.62  -6.187
5.31  -1.701
-5.871  5.877
2.293  8.171
8.819  -2.198
-1.79  -9.315
-9.467  7.777
0.083  6.355
-9.545  4.073
-4.815  9.721
-6.653  5.59
6.6  8.984
-1.482  -9.766
-6.039  -7.948
6.172  -5.567
2.584  -5.931
-5.304  4.23
-9.662  5.415
-3.208  -7.563
-2.61  0.714
6.14  5.618
0.587  -2.627
-6.319  -4.394
2.855  -9.079
-6.633  2.64
-5.797  4.654
-1.994  -9.078
-9.977  -8.139
1.75  2.418
-6.764  -0.639
0.265  -1.23
0.663  7.499
5.441  -3.447
-2.131  1.541
-7.822  -1.844
3.987  1.128
-0.463  3.018
8.826  1.787
-6.945  7.186
-9.626  -9.345
6.033  6.492
-7.914  9.24
-0.054  1.483
-9.272  -7.409
-0.059  5.562
7.087  9.558
-8.299  1.672
-2.85  6.06
-1.508  -5.045
-9.855  -9.837
2.715  8.661
-3.304  -2.279
-4.358  1.816
-4.001  -0.226
-5.645  -5.496
-1.466  3.872
-7.957  5.233
0.639  -3.337
0.985  2.848
0.324  2.702
0.743  -8.249
1.522  -4.536
1.093  -7.572
9.272  6.019
5.249  3.452
3.054  -6.255
-2.756  -8.878
-4.786  7.693
9.2  -8.366
4.808  -4.294
-6.834  7.161
-5.269  -9.001
0.438  6.224
-6.81  -4.133
7.104  -0.533
4.378  -7.962
1.986  4.109
-2.457  -5.67
0.553  -7.782
-4.248  -9.666
7.392  -5.329
0.257  -0.079
-7.569  4.085
-7.269  -4.834
5.471  -5.738
9.249  2.278
3.212  -3.232
-1.644  9.915
-5.214  -0.241
6.973  6.847
-4.296  5.873
3.408  -4.58
6.87  6.766
1.682  -1.096
-8.66  -1.918
0.113  -1.966
0.232  7.558
-7.041  -0.708
4.931  6.307
8.507  0.838
-6.952  5.54
-2.859  -7.008
-4.285  1.459
1.092  9.867
-1.854  3.117
8.369  4.198
-1.775  1.388
-3.342  8.831
4.243  -6.378
-3.378  0.709
0.831  6.282
-5.464  5.925
3.787  5.328
-7.948  -8.061
-2.755  6.805
-9.331  1.321
8.84  -5.125
-1.193  9.039
-6.371  2.242
7.341  4.422
1.633  6.987
-8.951  -9.564
7.742  -8.403
-8.803  6.347
8.173  3.164
0.598  2.501
-1.634  -4.349
-2.08  7.957
8.4  1.19
5.91  9.629
5.95  -0.742
-4.915  5.827
4.28  -3.217
-2.444  -5.737
2.493  1.464
-3.3  -9.299
0.334  -2.974
7.071  3.917
0.77  -9.335
8.33  4.698
7.478  -3.653
-0.863  -4.307
-1.498  -8.32
-1.226  -5.981
-4.828  -2.288
-9.739  -1.823
8.57  -9.74
4.836  8.318
0.064  9.059
-9.489  -3.285
5.165  0.015
-3.838  -8.802
-8.743  -8.564
-6.807  -8.124
8.38  7.473
-2.207  4.506
-6.18  -0.915
4.917  1.47
-0.941  -8.792
8.324  -8.401
-5.974  -1.655
7.225  3.921
5.511  -2.689
-8.564  -1.355
-5.432  -3.776
-9.447  -7.88
9.709  2.931
3.742  5.95
-6.911  2.088
3.862  -9.721
3.564  -1.653
9.451  9.349
6.067  -3.268
-8.536  -0.947
9.582  -7.67
1.538  -9.154
-0.515  9.951
-5.864  1.524
6.853  -1.651
2.103  5.993
-3.367  -2.809
4.05  1.423
2.547  8.935
-5.166  1.472
1.962  -8.607
8.013  -6.897
4.629  5.283
2.679  -9.106
-5.909  4.943
-8.077  -9.05
1.496  -6.209
-3.709  8.352
7.7  -9.63
-0.373  4.97
-3.235  9.525
-2.123  -8.364
3.075  6.795
-4.771  9.26
9.253  -5.547
5.814  -8.816
-8.001  0.146
1.136  9.303
-1.688  -3.304
-4.682  -3.445
-0.783  -4.118
-5.972  8.202
3.95  -8.148
-9.53  -4.008
-6.517  -2.299
2.727  -0.89
3.053  -7.853
4.745  2.721
3.427  -3.84
-9.144  7.546
9.88  6.054
-4.021  6.037
6.134  1.48
-6.354  0.774
-0.559  5.745
0.236  0.173
8.569  9.546
1.071  2.952
0.398  2.711
-2.255  7.271
-6.158  -8.572
-1.286  -5.653
-5.034  8.835
-1.014  3.615
8.516  -3.381
-2.94  -1.47
9.892  1.503
5.577  -0.831
7.613  -9.382
1.984  -7.329
-7.98  0.121
8.531  -0.038
-4.293  -2.205
-3.925  9.438
-1.224  -7.271
7.844  -0.286
1.57  1.343
-3.918  1.84
-9.469  -2.132
7.219  7.041
8.665  -9.919
1.561  2.704
-3.121  3.91
-5.171  7.93
-6.73  2.771
3.023  3.873
-5.721  6.953
-2.456  0.979
4.207  1.419
1.429  2.127
2.222  3.452
-2.586  -3.234
-8.196  -5.74
8.72  -3.104
6.753  -8.372
8.458  -7.498
-3.108  7.312
-3.081  6.482
-3.988  -8.677
3.887  1.415
5.165  -1.807
-7.75  2.2
5.752  5.829
-4.571  -6.062
0.369  -3.925
-4.279  -5.306
-7.28  7.108
2.45  8.297
-0.629  -4.104
0.65  -1.23
-1.111  -0.036
6.161  1.004
3.202  4.921
9.926  -1.871
-1.49  -5.29
-3.763  3.539
-6.355  4.712
3.855  -8.497
-4.032  6.273
-1.116  0.697
-2.051  -6.062
7.793  -6.788
-2.744  -2.902
-6.298  8.521
8.422  -0.452
-9.86  9.704
0.1  -1.288
7.191  -9.738
-4.725  -3.329
-0.234  -4.558
1  -1.429
-7.371  3.888
-4.76  4.206
-3.243  -9.104
2.279  -7.181
6.331  4.593
-1.338  -8.241
-9.638  6.221
-6.288  3.766
3.547  -9.318
3.824  -1.645
-7.02  5.823
0.863  -3.652
-8.221  -8.369
-0.088  -5.622
-2.381  -7.079
3.98  4.75
4.726  3.869
-2.832  5.444
9.538  7.219
-5.996  -4.316
-5.524  1.658
5.951  -4.318
-2.729  -0.235
-6.674  -9.08
-0.392  2.464
-0.511  8.177
-6.863  4.584
-3.625  5.01
-9.05  8.276
-4.746  -3.697
3.136  5.723
-1.672  -2.572
-4.63  0.715
0.19  -0.045
-4.562  -2.424
5.671  6.987
-6.972  -4.796
-1.246  -6.949
2.349  0.1
5.172  6.056
-0.915  -9.448
-0.141  -1.361
-1.229  -5.306
-0.383  6
-1.491  5.071
-4.514  8.887
-2.736  5.078
1.513  6.101
3.719  -7.642
7.241  4.352
-3.292  -8.93
-8.297  8.798
5.647  -6.149
0.761  -2.679
1.403  0.29
2.669  7.424
-5.166  -9.328
1.54  0.047
5.215  -5.069
0.572  5.459
-9.148  2.975
-4.735  -7.441
-3.427  -4.436
2.115  8.108
-7.752  8.577
-3.162  0.496
2.834  -9.472
-6.88  -5.783
-5.333  -0.737
7.447  6.41
-2.506  -3.362
-5.362  6.087
6.517  -5.774
7.243  5.359
-8.941  -7.766
-0.112  -0.389
4.199  0.889
1.376  -0.48
6.966  -7.487
-7.62  -8.476
6.001  6.642
-2.48  4.615
9.786  -0.394
7.515  -8.662
7.214  1.055
9.648  -0.158
-8.188  9.934
-1.444  -2.126
0.409  4.008
1.719  -2.859
-4.381  9.918
-4.645  -5.309
5.3  -8.115
6.489  5.285
6.887  7.113
-7.732  -2.13
4.364  -5.984
5.804  -5.254
-0.992  -9.964
-7.772  -1.04
5.814  -8.321
9.175  8.341
5.525  -1.216
-7.992  -2.445
-8.651  3.744
-4.946  3.07
-9.962  -4.702
2.087  1.356
2.976  3.308
1.053  4.785
-5.219  -9.482
-6.125  -0.704
6.052  -7.333
-6.584  4.983
7.393  5.164
1.354  -5.055
-5.705  9.26
6.758  -5.045
8.473  7.678
-4.241  -0.539
-0.067  -2.838
-1.425  -8.594
0.519  -2.915
9.561  1.879
7.931  -2.922
9.197  3.014
-5.462  0.907
-7.524  -5.532
3.391  -5.233
6.638  -3.608
-5.831  2.086
3.459  1.741
6.815  -0.877
9.205  -4.667
5.523  -4.602
-7.531  9.859
1.611  2.918
-3.3  -0.396
7.311  2.572
6.82  6.979
-3.8  -5.135
6.4  -7.224
1.192  -4.27
3.803  2.556
2.348  -5.938
8.119  3.15
-5.86  -1.858
-8.629  6.935
8.313  5.3
-7.798  9.765
5.481  6.903
-0.647  8.207
-4.753  -0.345
3.053  -0.474
-1.541  -2.75
-3.688  8.288
-7.802  -8.8
-7.261  9.857
-7.116  -2.354
3.865  -2.363
2.593  2.31
9.231  -4.007
2.066  2.743
5.378  6.853
-2.137  8.369
4.842  -2.018
9.288  -2.182
-2.586  -7.849
-9.928  -0.686
-8.202  2.124
-7.731  -0.461
-9.828  7.836
-5.983  -1.951
8.484  -7.381
-5.879  -5.277
-0.036  2.783
-0.43  -9.988
9.909  -9.854
8.466  9.973
-2.042  4.801
-1.388  7.023
-7.7  -3.974
8.458  -6.822
2.333  0.959
-3.507  -1.422
1.12  -7.009
-5.366  -3.627
-6.785  5.664
-8.553  5.073
8.849  -1.031
2.577  1.542
-2.505  8.813
5.481  -4.612
-8.642  -1.58
8.753  0.954
7.978  -7.681
-0.502  9.699
-8.264  -2.185
4.521  0.089
-8.76  6.072
-7.522  9.284
-6.88  1.383
-1.024  -7.771
-7.907  4.62
6.501  6.614
7.478  8.474
3.687  -0.997
5.843  6.762
-6.5  2.943
1.206  -3.006
-6.931  7.1
3.455  3.747
9.922  7.967
-9.55  -7.809
-3.564  3.937
-1.071  -5.881
3.254  5.645
6.897  0.991
-4.403  -6.194
2.099  -7.807
-3.656  1.072
-6.903  1.568
6.204  -4.589
-5.507  6.157
-8.016  2.584
