2.803  4.865
-3.868  -4.12
-7.686  -6.313
9.111  -6.741
6.483  -8.485
-6.956  -1.26
-2.142  -4.568
-0.745  -5.258
4.757  -7.069
7.513  -0.584
9.477  4.572
4.478  -2.172
2.458  -6.88
6.842  -7.169
-2.439  8.091
7.974  -2.952
5.776  -6.811
8.176  7.438
-1.572  6.075
-8.589  4.683
8.151  -0.157
2.255  -1.963
5.007  7.252
1.608  -6.384
9.891  8.512
-6.683  6.441
4.177  3.732
-6.666  -0.617
-8.414  7.759
2.682  9.648
1.03  -9.354
5.446  6.496
-8.903  3.187
-9.068  -1.034
1.65  1.474
5.235  5.959
-6.295  2.655
0.719  5.794
1.474  -8.809
2.099  -2.212
-9.185  -1.595
-4.598  3.282
-6.421  2.69
0.555  7.706
4.702  2.23
8.353  2.307
-9.389  7.544
6.485  5.338
6.948  5.002
-0.607  -7.688
-2.594  -5.919
-8.488  -7.675
-6.601  6.83
3.439  -2.369
1.803  -0.919
3.356  -8.523
-0.995  -9.497
5.839  9.223
-0.884  -6.832
7.89  8.673
-8.549  -5.265
2.709  -8.489
6.173  3.451
-3.578  -8.314
0.721  -8.757
7.322  3.904
0.684  -9.959
5.873  -6.863
1.725  -4.509
7.631  -3.696
-1.137  4.281
-8.137  1.436
8.59  0.304
-1.629  1.547
0.534  -9.902
3.819  -2.955
-8.907  0.895
-3.192  -8.159
5.856  -4.554
-9.87  1.815
-8.916  -9.908
-4.519  -9.385
-2.851  -2.466
5.621  -6.69
-6.223  -3.876
-1.871  -4.601
3.879  -3.856
6.59  1.681
0.924  0.77
8.247  5.814
8.353  -2.546
2.371  5.04
8.21  3.052
7.878  1.039
-3.094  7.019
9.928  -1.495
7.806  1.488
-2.724  5.365
5.658  0.79
-3.434  9.686
-6.866  -7.889
4.79  -3.98
2.635  -2.403
1.998  -0.546
-5.189  -5.549
-4.353  -3.585
5.975  -5.463
1.739  -9.565
-3.965  -9.691
-4.078  5.677
-5.496  -9.628
0.109  8.055
1.301  -6.068
-8.623  2.181
-6.722  0.457
0.21  4.135
0.831  -2.936
0.201  5.178
-7.562  0.112
-6.885  5.316
-1.817  -2.749
3.873  8.501
5.616  8.022
2.727  1.034
1.636  0.421
9.495  -6.42
0.593  2.179
-4.233  4.559
-6.076  7.519
-5.693  -0.534
-1.247  5.045
1.339  -6.379
8.312  -9.574
-3.678  -7.415
-4.38  7.201
2.378  5.934
-5.591  -6.248
-6.56  -6.576
-9.672  3.512
0.327  -2.002
-9.952  8.711
1.12  -0.475
1.115  -1.955
-8.526  -6.2
-2.062  -3.259
5.444  -1.18
1.451  -7.241
-1.939  9.607
0.466  -1.207
-2.15  6.077
-8.66  6.354
5.571  -5.37
5.286  2.825
1.371  -4.844
2.289  -7.518
1.777  -1.859
2.333  -8.647
-5.205  -7.805
5.822  0.591
4.113  -5.77
4.758  -9.481
-7.232  9.883
-9.891  4.893
4.771  9.645
6.216  9.028
1.294  -0.568
-8.887  9.751
-3.538  7.059
8.673  -3.819
7.056  9.035
3.736  -7.727
-6.656  -7.655
3.593  -9.987
-8.409  -3.937
1.22  -2.617
-0.819  -7.594
3.302  4.238
-1.318  9.151
-9.386  -3.554
-1.152  5.78
-0.659  3.43
-9.793  -7.808
1.871  4.479
-3.968  7.652
6.519  -9.991
8.319  -7.962
-4.653  -2.592
-4.08  8.294
-8.151  9.98
4.517  -6.59
4.349  -6.548
2.417  -7.939
-2.478  2.123
2.614  -1.762
0.346  -4.885
3.004  -5.967
7.425  -6.247
-3.38  7.676
1.151  2.628
-9.428  2.449
-5.583  3.166
5.712  -6.459
-4.182  2.517
-8.857  7.529
3.978  -6.436
2.767  2.912
2.954  7.683
7.652  -4.99
-6.719  1.725
3.334  -0.263
-2.336  6.782
3.865  -8.967
-3.917  4.79
2.993  1.09
-2.809  -1.411
8.258  5.595
-2.225  -2.067
3.561  -2.856
5.054  3.19
-6.012  -2.117
3.567  -6.431
5.82  -8.915
4.524  -5.058
-6.496  8.037
-7.936  9.649
6.351  -0.318
9.602  -7.105
5.034  0.233
8.195  9.871
2.17  5.252
-0.816  9.321
-9.082  8.598
1.993  -5.27
5.629  -8.05
6.361  -1.805
-5.539  -7.377
4.658  5.092
3.551  -3.038
9.442  -1.004
-1.768  -6.014
-8.976  4.731
-3.695  -5.933
-3.705  5.363
-0.145  -5.175
-8.888  2.275
-8.101  -3.085
-5.219  4.453
5.649  -7.656
7.377  -6.385
2.48  -6.123
-3.35  -2.789
-4.575  -1.912
-9.361  -5.485
7.387  3.381
-5.047  9.145
9.709  -1.367
-7.449  6.077
0.659  5.964
-2.428  9.905
5.676  -5.764
8.282  -3.42
-2.778  5.247
8.221  5.135
-7.618  9.226
-9.304  1.398
8.091  2.17
8.615  -2.698
1.8  -3.129
-8.871  2
7.644  0.513
6.991  -0.301
1.375  3.113
-0.788  -9.235
-8.648  -6.202
-2.336  8.575
4.808  1.66
0.447  -9.692
-0.065  -4.127
6.604  -9.095
-9.665  5.895
-4.719  4.228
-7.162  0.727
-9.341  1.736
-4.214  -5.781
7.878  -1.722
-6.738  0.316
9.78  6.767
-7.374  3.198
-0.654  -0.376
-2.597  7.056
3.151  -0.369
7.472  -4.554
-4.103  4.624
-4.544  9.39
-8.383  -2.488
-6.273  -5.228
5.2  -5.146
8.193  -9.622
2.893  9.654
0.349  6.053
4.032  1.27
-9.099  -2.224
7.805  3.051
3.453  9.875
-6.703  4.276
0.051  -7.953
0.636  -1.054
2.48  3.856
9.292  -3.341
1.384  8.435
1.554  2.65
8.75  8.644
-8.769  -1.482
3.18  -3.99
-8.012  7.781
2.173  -9.653
6.087  -7.039
-9.354  9.184
0.439  4.29
-4.047  -3.871
3.213  6.562
1.954  6.158
-8.769  8.186
7.824  2.856
9.067  2.574
-6.383  -7.631
-8.53  8.38
9.761  2.48
-1.442  -4.849
5.18  9.027
8.464  -9.076
7.443  -9.582
9.268  -8.239
-4.065  0.357
4.201  7.574
8.022  -1.957
7.484  1.227
6.572  1.963
-9.296  -8.499
8.123  -2.17
2.559  -2.9
1.452  -5.104
4.764  -7.84
0.164  -7.755
7.297  -4.656
-7.196  -4.672
3.143  8.722
1.86  -6.277
0.267  0.149
-5.108  -7.048
9.471  8.414
8.325  8.59
3.04  -7.265
-7.79  7.432
0.293  -9.753
-0.379  4.441
-8.637  7.572
-2.223  -2.251
6.104  -5.072
5.733  -7.766
-7.601  6.936
-1.761  3.193
5.962  5.594
-4.946  -2.829
1.75  -6.318
-9.266  -9.797
3.633  -8.282
6.537  -3.411
3.998  -3.984
-2.965  0.131
-0.217  -2.268
-4.318  8.746
-4.681  -6.81
5.299  5.594
1.688  -6.451
0.771  6.106
9.814  1.248
5.383  -0.599
1.722  -2.808
5.817  -2.565
0.979  -2.343
-8.472  -4.874
-0.514  9.441
6.995  3.211
-1.939  0.106
-5.264  -6.04
0.83  -7.913
-2.622  7.769
5.171  -2.741
5.381  -0.926
-3.074  -8.705
9.35  7.016
-2.884  -4.412
-6.136  8.239
-8.179  -8.805
-3.735  2.319
9.167  1.279
2.769  3.366
-5.837  -3.291
-3.338  -9.245
-3.14  -4.285
7.897  8.625
0.083  5.997
1.245  -3.379
5.787  4.749
-2.982  1.349
-5.597  -9.679
6.457  -1.49
-8.48  -9.413
-8.357  5.684
-3.806  9.617
7.11  3.799
-0.514  5.594
-3.515  1.96
-0.799  -4.308
3.484  4.925
1.481  3.878
6.857  -1.15
-8.484  -1.618
-4.803  -6.985
3.751  0.806
-1.35  -6.073
-3.526  4.984
-9.079  4.313
-3.793  4.09
-1.468  4.726
2.312  3.134
-5.14  7.822
6.895  -0.178
7.656  -3.165
8.566  9.255
1.253  -7.501
-3.94  -5.828
5.403  -6.901
0.144  6.152
2.252  -8.653
3.732  -0.188
-8.322  1.968
4.282  -2.7
-4.033  3.771
-5.336  7.138
-3.651  8.013
-4.36  9.03
-4.989  8.001
-7.529  -9.87
3.363  -9.162
-4.432  7.418
-5.049  -1.112
1.375  -1.149
-8.973  -3.388
6.464  8.794
-9.262  4.257
-4.657  8.779
-3.956  0.619
3.246  -9.564
2.515  6.408
4.247  -4.25
-4.484  7.348
9.922  7.205
-3.991  1.013
0.025  -0.855
-7.354  7.001
7.952  -3.045
-5.241  -5.231
-8.659  -8.982
-2.688  -7.301
9.781  1.563
-5.76  8.088
-4.25  5.424
0.092  4.083
2.611  -1.552
-2.136  9.158
3.599  5.112
-7.4  -2.68
-8.596  1.012
-9.093  -5.572
1.079  -4.881
7.817  4.705
1.716  -3.689
0.631  -1.552
2.881  4.969
-1.85  -2.938
-4.773  -1.071
2.184  -9.322
2.656  4.561
5.186  2.428
-5.322  -7.484
-4.226  -5.691
-9.547  -3.833
-4.171  -9.381
-2.918  -5.971
2.993  -8.652
2.152  -9.997
5.124  2.729
7.688  6.055
7.91  -2.113
-8.439  -4.746
0.517  -4.324
-9.098  4.273
5.933  -6.117
-3.704  1.602
-5.29  -5.051
-4.651  8.719
-7.153  1.291
-6.123  7.593
6.668  9.854
4.902  8.926
4.877  -0.432
-4.681  -7.5
-7.732  -8.717
-9.021  -2.267
-4.478  1.165
3.147  8.449
2.534  8.687
1.482  6.497
-5.993  -6.329
-1.813  -2.138
-4.314  8.256
6.682  0.683
5.147  -0.971
7.319  -4.288
-1.661  2.456
4.851  -6.365
-8.602  8.543
9.17  4.28
3.744  6.648
-4.8  -0.07
4.713  9.265
-0.428  6.867
7.428  -7.722
-3.549  8.724
1.221  3.767
-5.083  -3.858
-7.311  7.213
-5.248  8.97
-2.727  3.637
3.762  1.264
-9.22  -7.001
3.775  9.725
-4.784  6.301
7.132  8.245
0.922  3.68
-0.79  -3.94
-6.947  4.636
-4.884  -4.476
-2.167  2.305
9.293  -4.103
0.388  0.366
-7.583  4.779
8.298  4.881
-0.868  -1.931
8.094  -6.782
-4.162  -9.552
5.644  -7.883
-8.882  8.64
-5.739  2.311
5.531  2.666
3.936  -9.867
8.158  -5.703
2.178  -8.38
0.891  -6.771
5.063  -8.164
7.546  -7.318
7.876  -8.565
7.117  -4.623
3.665  -9.199
-1.848  4.882
-9.043  8.897
-5.232  -5.573
-9.721  2.011
-2.366  -1.278
8.143  -6.529
-3.928  -6.102
7.347  -6.218
-7.057  8.598
-3.802  -0.189
-1.635  5.927
-5.797  -6.304
5.349  -5.445
-5.149  6.997
7.723  -0.114
-4.049  9.715
-6.187  -6.556
4.483  9.003
9.137  -2.353
8.03  -1.047
4.012  -2.802
6.27  -7.111
7.329  6.333
7.765  -6.366
-5.391  6.66
2.53  -1.874
-5.121  -1.571
-1.146  0.665
5.656  -1.394
4.317  -9.952
-5.108  3.293
4.757  -4.864
8.157  1.839
6.845  -2.843
9.43  0.961
-7.143  5.614
7.139  1.178
5.241  -3.966
5.205  -0.788
-0.812  8.419
-2.318  7.724
-7.852  7.59
-0.891  9.407
-7.055  5.046
-4.128  -9.69
-2.392  9.847
8.491  -0.885
-6.131  0.41
3.101  -8.223
-2.116  5.702
-6.131  4.354
-9.366  0.908
6.037  4.883
-3.734  3.747
4.939  2.226
1.813  -8.354
-4.072  -2.46
6.31  -1.901
7.851  3.748
1.792  -1.9
6.304  1.089
1.103  2.365
6.292  -1.651
-9.233  6.898
6.97  1.03
-7.711  6.263
-6.977  -3.692
4.561  7.188
-5.961  -5.653
4.76  -7.693
7.344  -8.283
-5.82  -6.908
4.575  6.044
2.266  9.29
0.259  -6.064
9.187  5.561
-6.311  -9.471
-5.986  -7.723
3.183  -6.268
4.782  8.509
-2.513  0.994
9.522  -9.377
-9.296  7.531
-3.435  9.005
3.019  -0.344
-9.213  -1.342
-7.288  2.396
-5.225  -5.395
7.188  4.011
8.29  9.62
-9.848  -6.73
-5.077  2.616
2.195  2.836
9.691  2.731
9.587  9.745
2.384  -2.262
8.967  -4.766
-2.525  -0.844
-5.449  -7.713
1.364  -2.838
1.202  5.707
-4.378  -3.898
7.444  4.614
6.913  2.902
2.96  6.788
4.474  0.412
-4.665  -2.372
-7.561  2.385
-6.983  2.095
3.358  0.711
-3.269  4.602
2.354  -2.474
5.507  -7.566
4.659  -2.662
4.726  6.216
-8.802  7.954
-5.459  -3.066
-0.674  -9.682
7.98  -9.425
0.885  6.993
-8.858  8.792
5.89  5.254
5.497  9.317
0.18  -0.146
-9.485  1.099
9.511  3.045
-5.153  9.463
8.021  8.075
-1.032  -9.5
-8.745  1.487
-8.015  4.588
-2.63  -6.967
0.271  -9.011
-2.399  0.699
-9.967  -9.203
4.352  0
-3.099  -5.794
3.128  -0.48
-6.614  3.081
2.423  -9.021
-1.508  7.167
3.542  -9.21
-6.424  2.811
7.75  0.129
-6.802  1.542
-8.043  7.581
5.229  -6.313
7.882  -5.971
-5.046  -7.361
1.945  6.444
-8.468  4.707
-4.669  7.87
6.927  -6.807
3.681  -1.554
-0.252  2.578
-2.864  1.936
-5.734  -4.085
-5.424  5.641
5.296  -2.365
-2.077  9.696
6.454  -5.898
0.501  5.595
-7.946  6.901
-9.033  -0.774
8.778  3.583
2.295  5.943
9.838  -5.289
-0.464  5.045
9.654  8.402
1.441  9.893
-5.35  7.66
-7.66  0.068
-7.393  -9.883
4.837  -9.699
-7.234  -8.082
-6.257  5.739
-2.071  1.072
-3.28  4.391
-0.826  -5.431
-7.942  -9.747
-6.591  -7.596
2.828  2.66
5.754  -9.696
-2.553  8.806
-3.868  9.992
7.953  -2.436
4.488  7.905
-1.866  1.801
-6.273  6.701
-8.969  -0.353
8.88  -8.812
-1.588  -0.793
1.923  -3.626
0.271  8.204
7.917  7.958
-6.284  3.024
-8.13  -5.079
-8.869  -5.32
-9.048  0.969
3.655  -2.144
-0.49  5.096
8.541  -2.149
-1.773  -4.692
7.4  -3.062
4.2  8.686
8.848  -2.523
-0.397  -0.349
-1.308  -5.236
0.241  0.625
0.49  -5.798
-0.619  -4.096
9.171  0.64
7.122  0.152
-3.89  -0.018
4.407  8.23
7.093  4.607
-3.846  7.995
-6.864  6.099
-8.458  -1.041
4.962  -5.3
0.684  -8.658
-0.922  -4.316
5.849  -1.365
-5.625  -0.898
-3.87  9.588
4.631  8.539
-0.802  1.952
-1.899  1.674
-4.967  -7.739
1.623  -2.016
6.167  8.858
-8.992  -5.714
-7.025  -6.591
-0.172  -3.062
7.834  2.404
-3.74  -1.285
-4.344  -1.684
-8.706  -4.296
-8.79  8.102
1.582  3.656
6.74  -7.915
-3.052  -8.331
-3.032  -9.733
-9.17  8.376
-2.174  -2.649
7.326  -1.56
-9.495  1.514
-6.573  -6.28
6.619  -9.556
-9.744  3.16
-0.666  -0.827
6.633  -6.001
8.006  -6.07
0.141  3.872
6.775  4.949
1.353  0.867
5.479  0.517
-3.746  -1.866
-7.849  1.14
3.892  4.613
4.835  -4.13
-2.061  5.691
-3.068  -8.484
-8.913  -0.566
-2.503  -2.017
-2.663  8.223
-4.317  -1.44
8.288  8.902
3.203  -1.91
-1.489  -5.15
2.502  7.453
2.003  -0.12
9.611  -1.529
5.287  1.047
4.378  -5.029
7.614  -4.857
-9.787  -5.806
1.431  1.613
9.433  6.703
0.673  7.054
-8.746  2.878
1.294  9.701
-5.438  9.58
-1.188  3.653
-8.022  5.71
-7.458  -3.024
6.033  5.611
-4.903  -9.073
-0.001  -2.943
0.46  -2.86
-9.608  -7.406
7.541  9.645
-0.798  -1.685
9.599  -1.87
1.39  5.654
7.486  -1.336
-5.17  1.526
-7.649  3.01
-6.972  -9.34
-8.811  -1.92
-5.996  9.179
7.365  1.91
5.418  8.662
8.638  8.741
-8.385  5.115
-8.603  0.778
9.547  6.486
0.434  -9.786
5.754  4.931
-3.805  -7.94
-7.63  -9.032
-0.291  -6.286
-1.695  -0.543
8.317  -9.808
-6.811  7.164
-5.928  -0.53
-6.999  -7.002
9.154  -5.091
4.974  -8.865
-5.871  -5.895
3.314  -0.69
-5.609  -0.781
-1.014  -2.979
8.808  -1.18
1.639  -3.412
-7.046  1.442
2.591  9.848
-6.314  4.357
-8.343  -2.78
-5.722  1.455
0.529  -2.393
3.334  -2.558
-0.82  -1.515
-5.691  4.863
-5.595  -2.799
7.802  2.53
-3.969  7.058
-4.999  -7.6
7.933  -6.513
-7.606  9.013
3.304  9.551
-3.451  -4.96
-3.478  -4.308
6.51  6.766
1.004  6.042
2.896  -2.601
6.903  -2.744
1.9  -4.565
-3.38  -4.811
-5.772  9.888
2.514  -9.075
-4.739  3.527
9.513  0.034
-6.773  -7.735
5.891  -0.774
8.489  4.373
-0.674  9.213
2.271  0.578
-1.79  8.709
9.385  9.792
3.064  -0.686
5.428  -2.724
-1.697  -8.194
-7.019  6.884
-0.114  -1.726
6.974  5.147
3.556  1.081
-1.081  -0.475
-0.058  -4.668
-6.878  -7.295
3.958  -8.446
-5.906  6.932
3.548  -3.259
-7.51  3.48
1.91  -7.912
5.459  1.747
1.592  -7.704
3.679  -5.013
-1.454  -1.717
-4.464  4.31
9.561  7.394
9.299  6.309
4.561  -5.351
4.496  -3.073
2.899  9.213
-8.283  -3.974
0.558  -6.916
7.031  4.889
-5.801  -4.342
6.535  -3.423
-5.872  -9.974
-0.49  1.278
-4.002  -1.117
-3.101  -6.773
8.559  4.069
-9.398  0.881
4.401  -4.908
-2.476  -2.138
1.761  -5.108
-3.401  1.654
7.299  -8.946
7.099  2.046
0.962  -9.201
-9.132  7.249
0.672  -3.138
6.506  -7.756
1.326  1.869
-5.616  2.602
-3.533  5.628
-8.7  4.731
-2.524  5.832
-4.83  2.974
-4.788  8.239
-0.55  2.122
-8.104  4.729
-8.738  4.265
6.33  3.8
-8.631  8.398
-4.047  9.391
5.752  -3.422
-0.873  -8.104
8.204  6.131
1.013  3.655
-1.416  -6.535
-2.019  -0.38
-8.735  8.787
4.324  -7.239
4.399  3.193
4.824  -6.12
3.788  2.53
-4.792  2.415
-9.803  -1.181
-2.998  3.179
7.924  -1.057
